Automatically generated mesh
       8
Reciprocal lattice
    0.00000000000000    0.00000000000000    0.00000000000000             1
    0.50000000000000    0.00000000000000    0.00000000000000             1
    0.00000000000000    0.16666666666666    0.00000000000000             2
    0.50000000000000    0.16666666666666    0.00000000000000             2
    0.00000000000000    0.33333333333334    0.00000000000000             2
    0.50000000000000    0.33333333333334    0.00000000000000             2
    0.00000000000000    0.50000000000000    0.00000000000000             1
    0.50000000000000    0.50000000000000    0.00000000000000             1
